﻿;2008;2009;2010;2011;2012;2013;2014;2015;2016;2017;2018;2019;2020;2021;2022;2023;LTM
"Дата отчета";;24.11.2023;24.11.2023;23.11.2023;23.11.2023;20.05.2018;20.05.2018;20.05.2018;20.05.2018;18.05.2018;07.02.2019;06.02.2020;04.02.2021;04.02.2022;16.06.2023;15.05.2024;30.08.2024
"Валюта отчета";RUB;RUB;RUB;RUB;RUB;RUB;RUB;RUB;RUB;RUB;RUB;RUB;RUB;RUB;RUB;RUB;RUB
"Число магазинов, шт";;;"4 055";"5 309";"6 884";"8 093";"9 711";"12 089";"14 059";"16 350";"18 348";"20 725";"21 564";"26 077";"27 405";"29 165";"30 109"
"Открыто новых магазинов, шт";;;;;;;"1 618";"2 378";"1 970";"2 291";"1 998";"2 377";839;"4 513";"1 328";"1 760";"1 384"
"Общ. площадь магазинов, тыс. м2";;;;;;"3 011";"3 591";"4 414";"5 068";"5 755";"6 425";"7 238";"7 497";"8 997";"9 472";"10 053";"10 376"
"Сопоставимые продажи, LFL, %";;;;;;;14.5%;6.2%;-0.3%;-3.4%;-2.5%;0.4%;7.4%;7.0%;12.1%;5.5%;10.7%
"Трафик, %";;;;;;;4.5%;-1.0%;0.7%;-3.2%;-2.6%;-2.3%;-5.9%;-0.1%;1.6%;0.6%;0.7%
"Средний чек, %";;;;;;;9.6%;7.2%;-0.9%;0.2%;0.1%;2.8%;14.1%;7.1%;10.3%;4.8%;9.9%
"Средний чек, руб";;;;;;;;;;;278;284;325;351;388;407;
"Торговый оборот GMV, млрд руб";;;;;;;;;;;;;;11.2;32.6;46.1;54.0
"Количество заказов, млн";;;;;;;;;;;;;;10.8;26.2;;
"Выручка, млрд руб";;;236.0;336.0;449.0;580.0;764.0;951.0;"1 070";"1 143";"1 237";"1 369";"1 554";"1 856";"2 352";"2 545";"2 776"
"Операционная прибыль, млрд руб";;;;;;;;270.8;80.8;57.9;72.2;59.2;88.4;108.9;98.0;135.5;134.8
"EBITDA, млрд руб";;16.2;19.2;27.6;47.4;79.7;85.9;104.0;107.8;91.6;89.6;85.1;109.4;133.1;160.5;166.0;161.4
"Чистая прибыль, млрд руб";;8.73;10.2;13.4;24.7;36.6;47.7;59.1;54.4;35.5;33.9;17.1;33.0;51.7;34.1;58.7;47.8
"Чистая прибыль н/с, млрд руб";;;;;;;;;;;;;;;;;22.4
"Операционный денежный поток, млрд руб";;;;;;;;72.8;63.0;61.0;64.7;87.6;149.6;169.5;236.5;143.0;174.1
"CAPEX, млрд руб";;;36.1;50.9;47.9;52.5;55.9;54.3;49.8;73.5;51.6;53.9;32.1;66.9;48.8;67.1;101.5
"FCF, млрд руб";;;;;;14.0;33.0;52.2;57.0;17.3;11.5;-1.34;84.9;-4.22;124.8;16.9;13.9
"Див.выплата, млрд руб";121.5;1.29;0.585;2.14;7.70;12.8;34.3;29.4;26.3;24.7;31.0;31.0;50.0;;42.0;42.0;42.0
"Дивиденд, руб/акцию";1,46;14,82;6,57;22,93;81,35;135,21;362,94;310,47;278,13;251,01;304,16;304,19;490,62;;412,13;412,13;412,13
"Див доход, ао, %";0.3%;0.7%;0.2%;0.8%;1.7%;1.5%;3.7%;2.8%;2.5%;4.0%;8.7%;8.9%;8.7%;0.0%;9.5%;5.9%;8.9%
"Дивиденды/прибыль, %";;15%;6%;16%;31%;35%;72%;50%;48%;69%;92%;181%;152%;0%;123%;72%;88%
"Опер. расходы, млрд руб";;;;;;;;;214.9;246.7;224.3;252.8;318.2;378.7;464.1;477.3;529.6
"Себестоимость, млрд руб";;;;;;414.4;543.7;658.0;779.1;838.7;940.6;"1 057";"1 188";"1 421";"1 817";"1 966";"2 149"
"Амортизация, млрд руб";;;;;;;;21.1;25.8;33.7;36.5;46.8;45.9;52.7;59.7;134.0;134.5
"Расх на персонал, млрд руб";;;;;;;;76.7;92.7;103.0;105.6;117.6;168.6;199.1;242.7;278.3;316.8
"Процентные расходы, млрд руб";;;;;;;;11.0;13.7;13.3;40.3;46.7;43.8;48.6;67.7;84.7;89.6
"Активы, млрд руб";;;;;;;;404.2;454.9;526.3;883.2;948.7;945.4;"1 209";"1 396";"1 430";"1 398"
"Чистые активы, млрд руб";;;;;;126.2;143.7;165.1;196.1;259.3;253.7;188.5;182.9;179.0;207.4;158.5;152.0
"Долг, млрд руб";;;29.8;51.8;63.4;73.8;95.7;104.2;127.6;126.5;164.6;184.2;166.1;270.4;420.3;402.2;334.7
"Наличность, млрд руб";;;4.00;17.2;12.5;5.93;17.7;8.39;16.6;18.3;26.7;8.90;44.7;73.4;314.9;238.0;113.2
"Чистый долг, млрд руб";0.00;0.00;25.8;34.6;50.9;67.8;78.0;95.8;111.0;108.1;137.9;175.3;121.4;197.0;105.4;164.2;221.5
"Цена акции ао, руб";475.0;"2 162";"4 080";"2 826";"4 786";"9 240";"9 701";"11 228";"11 000";"6 340";"3 512";"3 425";"5 668";"5 446";"4 348";"6 988";"4 631"
"Число акций ао, млн";94.6;94.6;94.6;94.6;94.6;94.6;94.6;94.6;94.6;101.9;101.9;101.9;101.9;101.9;101.9;101.9;101.9
"Free Float, %";;;;;;;;;63.4%;;;;;;;;
"Капитализация, млрд руб";44.9;204.4;385.8;267.2;452.6;873.7;917.3;"1 062";"1 040";646.1;357.9;349.0;577.6;555.0;443.1;712.2;471.9
"EV, млрд руб";44.9;204.4;411.6;301.8;503.5;941.6;995.3;"1 158";"1 151";754.2;495.7;524.3;699.0;752.0;548.4;876.4;693.4
"Баланс стоимость, млрд руб";0.00;0.00;0.00;0.00;0.00;126.2;143.7;162.4;193.3;255.7;226.1;157.7;150.5;67.4;128.4;70.4;34.3
"EPS, руб";0.00;92.3;108.3;141.2;261.6;387.1;504.3;624.6;574.9;348.7;332.3;168.1;323.7;507.4;334.5;575.8;468.6
"FCF/акцию, руб";0.00;0.00;0.00;0.00;0.00;148.1;349.0;552.0;602.8;169.8;113.1;-13.1;832.8;-41.4;"1 225";166.2;136.1
"BV/акцию, руб";0.00;0.00;0.00;0.00;0.00;"1 334";"1 519";"1 717";"2 044";"2 509";"2 219";"1 548";"1 477";661.8;"1 260";691.0;336.8
"Рентаб EBITDA, %";;;8.1%;8.2%;10.6%;13.7%;11.2%;10.9%;10.1%;8.0%;7.2%;6.2%;7.0%;7.2%;6.8%;6.5%;5.8%
"Чистая рентаб, %";;;4.3%;4.0%;5.5%;6.3%;6.2%;6.2%;5.1%;3.1%;2.7%;1.3%;2.1%;2.8%;1.4%;2.3%;1.7%
"Доходность FCF, %";0.0%;0.0%;0.0%;0.0%;0.0%;1.6%;3.6%;4.9%;5.5%;2.7%;3.2%;-0.4%;14.7%;-0.8%;28.2%;2.4%;2.9%
"ROE, %";;;;;;29.0%;33.2%;35.8%;27.7%;13.7%;13.4%;9.1%;18.0%;28.9%;16.4%;37.0%;31.4%
"ROA, %";;;;;;;;14.6%;11.9%;6.8%;3.8%;1.8%;3.5%;4.3%;2.4%;4.1%;3.4%
P/E;;23.4;37.7;20.0;18.3;23.9;19.2;18.0;19.1;18.2;10.6;20.4;17.5;10.7;13.0;12.1;9.88
P/FCF;;;;;;62.4;27.8;20.3;18.2;37.3;31.0;-261.1;6.81;-131.5;3.55;42.0;34.0
P/S;;;1.63;0.80;1.01;1.51;1.20;1.12;0.97;0.57;0.29;0.26;0.37;0.30;0.19;0.28;0.17
P/BV;;;;;;6.93;6.39;6.54;5.38;2.53;1.58;2.21;3.84;8.23;3.45;10.1;13.8
EV/EBITDA;;12.7;21.5;10.9;10.6;11.8;11.6;11.1;10.7;8.23;5.53;6.16;6.39;5.65;3.42;5.28;4.30
Долг/EBITDA;;0.00;1.35;1.25;1.07;0.85;0.91;0.92;1.03;1.18;1.54;2.06;1.11;1.48;0.66;0.99;1.37
"Персонал, чел";;;"123 054";"144 520";"181 429";"217 258";"257 551";"265 982";"271 369";"276 000";"295 882";"308 432";"316 001";"357 000";"361 000";"361 000";
"Производительность труда, млн руб/чел/год";;;1.92;2.32;2.47;2.67;2.97;3.58;3.94;4.14;4.18;4.44;4.92;5.20;6.52;7.05;
"Расходы/чел/год, тыс.р";;;0.00;0.00;0.00;0.00;0.00;288.5;341.5;373.1;357.0;381.4;533.6;557.6;672.3;770.9;
"R&D/CAPEX, %";;;0.00%;0.00%;0.00%;0.00%;0.00%;0.00%;0.00%;0.00%;0.00%;0.00%;0.00%;0.00%;0.00%;0.00%;0
"CAPEX/Выручка, %";;;15%;15%;11%;9%;7%;6%;5%;6%;4%;4%;2%;4%;2%;3%;4%
"IR рейтинг";;;;;;;;;;3.9;3.9;3.9;3.9;3.9;4.1;4.7;4.7
"Качество фин.отчетности";;;;;;;;;;5;5;5;5;5;5;5;5
"Презентации для инвесторов";;;;;;;;;;5;5;5;5;5;5;5;5
"Присутствие на смартлабе";;;;;;;;;;1;1;1;1;1;3;3;3
"Годовой отчет";;;;;;;;;;5;5;5;5;5;5;5;5
"Сайт для инвесторов";;;;;;;;;;5;5;5;5;5;5;5;5
"Календарь инвесторов";;;;;;;;;;5;5;5;5;5;5;5;5
"Обратная связь";;;;;;;;;;1;1;1;1;1;1;5;5
